musicVolume:30.158728
effectsVolume:50.793648
