musicVolume:7.936507
effectsVolume:7.1428566
