musicVolume:50.79365
effectsVolume:50.793648
