musicVolume:52.38095
effectsVolume:50.793648
