musicVolume:55.555557
effectsVolume:39.68254
