musicVolume:50.793648
effectsVolume:50.793648
