musicVolume:28.571426
effectsVolume:50.793648
