musicVolume:33.333332
effectsVolume:23.809525
