musicVolume:32.142857
effectsVolume:41.666668
