musicVolume:38.095238
effectsVolume:50.793648
